аз 0,005 0,00436
см 0,002 0,00102
ка 0,009 0,00904
ук 0,002 0,00111
рд 0,002 0,00038
иц 0,001 0,00119
ым 0,004 0,00186
оч 0,004 0,00237
ми 0,004 0,00461
ят 0,004 0,00199
на 0,016 0,01429
ог 0,004 0,00668
ст 0,013 0,01729
во 0,009 0,00887
ан 0,009 0,00764
зн 0,003 0,00222
ол 0,008 0,00813
те 0,01 0,00792
то 0,016 0,01619
ве 0,008 0,00662
бу 0,003 0,00139
пе 0,005 0,00338
си 0,005 0,00277
за 0,005 0,00644
ел 0,009 0,00749
ег 0,005 0,00339
чи 0,004 0,00252
ни 0,01 0,01243
же 0,003 0,00439
ор 0,008 0,00823
ск 0,005 0,00623
ки 0,004 0,00497
ло 0,006 0,00702
тс 0,005 0,00251
ем 0,006 0,00564
ул 0,002 0,0016
ер 0,007 0,00877
ву 0,001 0,001
от 0,014 0,00846
ги 0,002 0,00147
ма 0,006 0,00425
оп 0,001 0,00222
мо 0,005 0,00511
ри 0,005 0,0068
ил 0,009 0,00563
ли 0,007 0,00932
но 0,019 0,01551
вы 0,002 0,00359
ал 0,006 0,00993
еж 0,001 0,00112
ди 0,003 0,00359
шн 0,002 0,00044
об 0,009 0,00535
уг 0,002 0,00125
ии 0,005 0,0022
йс 0,002 0,00093
ед 0,008 0,00466
он 0,01 0,00709
ас 0,004 0,00533
ию 0,001 0,00078
ль 0,007 0,00679
бе 0,003 0,00239
мы 0,002 0,00175
ле 0,008 0,00705
тн 0,002 0,00198
ен 0,014 0,01251
ом 0,003 0,00773
по 0,018 0,01256
кт 0,002 0,00175
ты 0,005 0,00206
ий 0,001 0,00234
ов 0,012 0,01181
ть 0,013 0,00732
фф 0,001 8E-05
ви 0,004 0,00407
ае 0,003 0,00221
до 0,004 0,0052
рю 0,001 0,00016
ны 0,004 0,00654
ду 0,002 0,00221
ти 0,006 0,00648
су 0,003 0,00145
ет 0,006 0,00797
ча 0,005 0,00271
ес 0,008 0,00694
од 0,01 0,00745
ьн 0,005 0,00286
ош 0,001 0,00105
му 0,003 0,00253
та 0,004 0,00876
пк 0,002 0,00014
ей 0,001 0,00319
ав 0,003 0,00446
ос 0,008 0,00956
ые 0,002 0,00212
им 0,004 0,00422
гн 0,001 0,0003
св 0,003 0,00182
нь 0,003 0,00129
ир 0,001 0,0021
цк 0,001 0,00012
зу 0,002 0,00063
ко 0,015 0,01233
бо 0,006 0,00366
ин 0,005 0,00575
ои 0,004 0,00124
че 0,006 0,00547
ро 0,011 0,01136
ож 0,003 0,00261
ба 0,001 0,00121
ья 0,003 0,00042
ум 0,002 0,00119
ак 0,006 0,00589
чт 0,003 0,00321
из 0,005 0,0036
мн 0,002 0,0017
се 0,003 0,00455
ит 0,01 0,0063
ци 0,001 0,0023
ну 0,002 0,00279
яю 0,001 0,00028
ам 0,006 0,00451
еп 0,002 0,00117
ва 0,004 0,0084
ре 0,009 0,00961
ис 0,003 0,00449
сь 0,006 0,00296
яд 0,005 0,00062
би 0,001 0,0012
ущ 0,003 0,00054
ар 0,003 0,00409
тп 0,001 0,00011
зб 0,001 0,00021
чн 0,001 0,00146
ра 0,013 0,01216
ьк 0,002 0,00125
ся 0,006 0,00482
да 0,005 0,00616
жа 0,001 0,00128
ля 0,002 0,00259
аб 0,003 0,00156
не 0,015 0,01158
ме 0,002 0,00565
хн 0,001 0,00035
фе 0,002 0,00059
уд 0,001 0,00243
ус 0,001 0,00192
га 0,003 0,00185
ат 0,005 0,0069
ут 0,004 0,00199
со 0,004 0,00461
зе 0,001 0,0006
ды 0,001 0,00091
го 0,006 0,00985
нщ 0,001 0,00013
хт 0,001 5E-05
тв 0,004 0,00414
ек 0,001 0,00239
де 0,006 0,00675
ши 0,002 0,0019
др 0,003 0,00151
ту 0,005 0,00212
ют 0,001 0,00113
ня 0,001 0,00185
ау 0,001 0,00025
бы 0,004 0,00354
зд 0,003 0,00116
сб 0,001 0,00012
лу 0,002 0,00176
оя 0,003 0,00093
гр 0,001 0,00159
дн 0,001 0,0025
ая 0,002 0,0026
ие 0,003 0,00388
сл 0,005 0,00362
кр 0,003 0,00227
жи 0,006 0,00195
ла 0,004 0,00713
гу 0,002 0,00078
их 0,001 0,00275
ее 0,003 0,00169
цу 0,001 0,00017
зъ 0,001 3E-05
ьм 0,001 0,00032
шо 0,001 0,00033
нт 0,002 0,00194
са 0,002 0,00242
еч 0,001 0,00149
ур 0,001 0,00137
кц 0,002 0,00027
ун 0,001 0,00058
щи 0,001 0,0013
зи 0,002 0,00092
хо 0,004 0,00275
еа 0,002 0,0003
вь 0,001 0,00023
ик 0,004 0,00347
ку 0,003 0,00249
ял 0,001 0,0008
гл 0,002 0,00145
ых 0,002 0,00242
пр 0,007 0,01007
йч 0,001 0,00022
кз 0,001 5E-05
ех 0,002 0,00086
ющ 0,003 0,00084
па 0,006 0,00232
рв 0,002 0,00062
вс 0,006 0,00319
уч 0,001 0,00153
ше 0,005 0,00252
оо 0,001 0,00054
сн 0,002 0,00148
ок 0,002 0,00293
вя 0,001 0,00046
ап 0,002 0,00129
аю 0,002 0,00149
жу 0,001 0,0003
ев 0,002 0,00257
жд 0,001 0,00122
иб 0,001 0,00063
ье 0,002 0,00055
ич 0,003 0,00256
ящ 0,001 0,00036
вр 0,002 0,00111
ря 0,004 0,00126
зо 0,002 0,00112
кл 0,002 0,00108
тл 0,001 0,00032
тр 0,004 0