себя 0,003 0,00292
запущенный 0,001 1E-05
и 0,041 0,04601
голова 0,002 0,00091
высоко 0,001 0,0001
фургон 0,001 1E-05
угол 0,001 0,00022
сурово 0,001 1E-05
в 0,038 0,04032
говорить 0,003 0,00226
касаться 0,003 0,0002
он 0,015 0,01515
являться 0,001 0,00067
рука 0,002 0,00154
не 0,031 0,02317
быть 0,025 0,01563
грек 0,001 2E-05
от 0,003 0,00472
закончиться 0,002 7E-05
месторождение 0,001 5E-05
переговоры 0,001 9E-05
выйти 0,003 0,00062
диссидент 0,001 1E-05
я 0,021 0,0163
название 0,002 0,0002
послать 0,001 9E-05
за 0,004 0,00502
семья 0,001 0,00036
человек 0,005 0,0035
неестественно 0,001 1E-05
их 0,002 0,00138
для 0,005 0,00415
рай 0,001 3E-05
молчаливый 0,001 3E-05
протяженность 0,001 1E-05
здесь 0,002 0,00102
его 0,004 0,00331
сидеть 0,001 0,00069
свой 0,004 0,00492
фундаментальный 0,001 3E-05
но 0,009 0,00692
конфликт 0,001 9E-05
тип 0,002 0,00025
почти 0,001 0,00064
холм 0,001 4E-05
долгий 0,001 0,00017
равный 0,002 0,00037
слово 0,002 0,00124
например 0,001 0,00051
иметь 0,002 0,00117
объявляться 0,001 1E-05
щедро 0,001 1E-05
нога 0,001 0,00059
министерство 0,001 0,00013
год 0,008 0,00479
спектакль 0,001 0,00021
уже 0,004 0,0028
очередь 0,001 0,00027
коммунист 0,001 7E-05
существо 0,001 0,00012
программа 0,001 0,00036
транспорт 0,001 7E-05
мочь 0,005 0,00374
тот 0,003 0,00381
национальный 0,001 0,00022
институт 0,001 0,00029
дочь 0,001 0,00018
самый 0,003 0,00129
действительно 0,001 0,00035
река 0,001 0,00017
помещение 0,001 0,00012
она 0,008 0,00719
одинаковый 0,001 7E-05
автомобиль 0,001 0,0002
подойти 0,001 0,00024
дурь 0,001 1E-05
сохранять 0,001 5E-05
время 0,004 0,00259
укатить 0,001 1E-05
пробивать 0,001 1E-05
прописать 0,001 2E-05
цветовой 0,001 1E-05
остановиться 0,001 0,00019
пожить 0,001 2E-05
кажется 0,001 0,00018
записаться 0,001 1E-05
регион 0,001 0,00021
фронт 0,001 0,00011
до 0,004 0,00265
лес 0,001 0,00027
атмосфера 0,001 7E-05
далекий 0,001 0,00041
пробираться 0,001 2E-05
отделка 0,001 1E-05
католик 0,001 1E-05
смириться 0,001 2E-05
лучший 0,002 0,00057
волна 0,001 0,00012
зимний 0,002 6E-05
ни 0,001 0,0007
сей 0,001 0,00026
родственник 0,001 9E-05
снабдить 0,001 2E-05
бы 0,002 0,00298
сборник 0,001 4E-05
мясо 0,002 9E-05
тоже 0,003 0,00108
можно 0,002 0,00145
взрослый 0,001 6E-05
очень 0,004 0,00165
планировать 0,001 5E-05
который 0,009 0,00541
земля 0,002 0,00064
первый 0,002 0,00173
положение 0,001 0,00034
свидетельство 0,001 6E-05
действовать 0,001 0,0002
уста 0,001 3E-05
развитие 0,001 0,00048
женщина 0,001 0,00069
каждый 0,003 0,00113
законодательство 0,001 0,00011
совсем 0,001 0,00059
слух 0,001 0,0001
научно-практический 0,001 0
любезный 0,001 2E-05
железа 0,001 2E-05
кто 0,003 0,00177
общество 0,001 0,0004
читать 0,001 0,00039
сокровище 0,001 2E-05
особо 0,001 7E-05
никак 0,002 0,00018
хотя 0,001 0,00011
представить 0,001 0,00032
юный 0,001 7E-05
уборщица 0,001 1E-05
оскорбительный 0,001 1E-05
пресечение 0,001 1E-05
чем 0,002 0,00093
утратить 0,001 5E-05
вы 0,005 0,00374
ход 0,002 0,00029
косой 0,001 2E-05
место 0,001 0,00119
просмотреть 0,001 1E-05
к 0,006 0,00693
вид 0,001 0,0008
просьба 0,001 0,0001
великий 0,001 0,00036
принимать 0,001 0,00027
экспортный 0,001 2E-05
рисунок 0,001 0,00023
талый 0,001 0
положить 0,001 0,0002
обмен 0,002 6E-05
производство 0,001 0,00035
косяк 0,001 1E-05
они 0,008 0,00623
даже 0,001 0,00033
жидкий 0,001 3E-05
по 0,005 0,00744
дополнительный 0,001 0,00012
единство 0,001 5E-05
попечительство 0,001 0
медицина 0,001 4E-05
покупать 0,001 0,0001
поиск 0,002 0,00013
недобрый 0,001 1E-05
дельфин 0,001 1E-05
поговорить 0,001 0,00011
сразу 0,001 0,00062
вынести 0,001 7E-05
вредный 0,002 4E-05
исследователь 0,001 5E-05
интересный 0,001 0,00022
потом 0,001 0,00129
благодаря 0,001 0,00012
общественность 0,001 3E-05
будущее 0,001 0,00017
странный 0,001 0,0002
задача 0,001 0,00036
многое 0,001 0,00016
обычно 0,001 0,00021
символ 0,001 6E-05
представление 0,001 0,00018
унаследовать 0,001 1E-05
социализм 0,001 4E-05
взяться 0,001 9E-05
давно 0,001 0,00035
хохот 0,001 2E-05
космический 0,001 7E-05
сравнить 0,001 4E-05
бывать 0,001 0,00038
слегка 0,001 0,00011
уводить 0,001 1E-05
начальник 0,001 0,00026
японский 0,001 7E-05
организатор 0,001 4E-05
рассчитывать 0,001 7E-05
наш 0,002 0,00223
над 0,001 0,00069
завод 0,002 0,00021
при 0,002 0,00199
выделяться 0,001 4E-05
знакомиться 0,002 2E-05
национализм 0,001 1E-05
давать 0,001 0,00048
взять 0,003 0,00068
гражданин 0,001 0,00026
сын 0,001 0,00037
рослый 0,001 1E-05
невозможный 0,001 9E-05
дождь 0,001 0,00011
большой 0,001 0,00121
лицо 0,001 0,00113
жизнь 0,003 0,00179
холод 0,001 6E-05
синий 0,001 0,00011
больница 0,001 0,00012
получать 0,001 0,00024
поручить 0,001 4E-05
офицерский 0,001 2E-05
повернуться 0,001 9E-05
спросить 0,003 0,00074
организация 0,001 0,0004
группа 0,001 0,00048
никто 0,001 0,00072
область 0,001 0,00051
автор 0,001 0,00034
живой 0,001 0,00036
квартира 0,001 0,00037
рубашка 0,001 6E-05
часть 0,001 0,00075
мучение 0,001 1E-05
сам 0,001 0,00255
иной 0,001 0,00045
мраморный 0,001 2E-05
больной 0,001 9E-05
заседание 0,001 0,00012
медицинский 0,001 0,00011
звезда 0,001 0,00016
влюбляться 0,001 1E-05
взыскание 0,001 2E-05
зрение 0,001 0,00018
девица 0,001 4E-05
последовать 0,001 5E-05
выстрел 0,001 5E-05
позвонить 0,001 0,00017
знать 0,002 0,0022
чучело 0,001 1E-05
тяжело 0,002 9E-05
орган 0,001 0,00037
содержание 0,001 0,00018
у 0,002 0,00553
особенно 0,001 0,00039
проект 0,001 0,00029
наиболее 0,001 0,00021
тревожный 0,001 3E-05
школьный 0,001 7E-05
усомниться 0,001 1E-05
понятие 0,001 0,00018
энергетический 0,001 4E-05
всякий 0,002 0,00048
другой 0,001 0,00236
железка 0,001 1E-05
дело 0,001 0,00181
предупреждение 0,001 3E-05
выпадать 0,001 2E-05
нужно 0,001 0,00045
вдруг 0,001 0,00065
перед 0,001 0,00081
инвестор 0,001 4E-05
портрет 0,001 9E-05
начало 0,002 0,00046
какой 0,001 0,0014
измениться 0,001 0,00011
преподаватель 0,001 4E-05
или 0,003 0,00301
глаз 0,002 0,0011
этот 0,004 0,00696
политический 0,002 0,00035
если 0,001 0,00257
отец 0,001 0,00062
чтобы 0,001 0,0019
сказка 0,001 7E-05
хаос 0,001 2E-05
слушать 0,001 0,00031
результат 0,001 0,00052
между 0,001 0,00078
последний 0,001 0,00092
специализироваться 0,001 1E-05
новый 0,004 0,00156
поднимать 0,001 7E-05
вопрос 0,002 0,00104
рассмотрение 0,001 8E-05
пересмотреть 0,001 1E-05
подходить 0,001 0,00015
перестать 0,001 0,00014
голый 0,001 8E-05
каменный 0,001 7E-05
под 0,001 0,00145
смешанный 0,001 2E-05
рискнуть 0,001 2E-05
наутро 0,001 2E-05
преграда 0,001 1E-05
выразить 0,001 7E-05
пойти 0,002 0,00075
след 0,001 0,00011
насилие 0,001 3E-05
собираться 0,002 0,00025
полететь 0,001 4E-05
смотреть 0,002 0,00086
морфология 0,001 0
царство 0,001 4E-05
ее 0,002 0,00157
солома 0,001 1E-05
оставаться 0,002 0,00042
посвятить 0,001 0,00011
друг 0,001 0,00112
потратить 0,001 3E-05
базар 0,001 3E-05
ну 0,001 0,00143
собор 0,001 6E-05
садиться 0,001 0,0001
вместе 0,001 0,00053
заказывать 0,001 2E-05
ум 0,001 0,00019
мой 0,001 0,00221
два 0,002 0,00165
настроение 0,001 0,00011
мы 0,006 0,00605
медленно 0,001 0,00015
хотеть 0,005 0,00127
правда 0,001 0,00023
порода 0,001 6E-05
понимание 0,001 0,00011
внимание 0,001 0,00037
юридический 0,001 0,00012
американский 0,001 0,00024
случайный 0,001 7E-05
тренер 0,001 5E-05
отличительный 0,001 1E-05
машина 0,001 0,00063
искусство 0,001 0,00026
отрасль 0,001 0,00011
инстинкт 0,001 3E-05
автобус 0,001 8E-05
из 0,003 0,00554
какой-то 0,001 0,00098
сфера 0,001 0,00017
ошибиться 0,001 4E-05
столичный 0,002 5E-05
впервые 0,001 0,0002
бремя 0,001 2E-05
никуда 0,001 7E-05
избрание 0,001 1E-05
военачальник 0,001 1E-05
крайний 0,002 0,00013
ты 0,003 0,00408
существовать 0,001 0,00034
рассматриваться 0,001 5E-05
повалить 0,001 1E-05
ясно 0,001 0,00016
переселение 0,001 1E-05
май 0,001 0,00012
четыре 0,002 0,0003
весна 0,001 0,00012
поглядывать 0,001 3E-05
рабский 0,001 0
выделить 0,001 0,0001
порядок 0,001 0,0004
действие 0,001 0,00042
останавливаться 0,001 6E-05
откуда 0,001 0,0002
вниз 0,002 0,00013
благой 0,001 1E-05
ох 0,001 5E-05
разложить 0,001 2E-05
лов 0,001 0
виртуальный 0,001 2E-05
советский 0,001 0,00049
обработка 0,001 7E-05
ваш 0,002 0,0007
школа 0,001 0,00041
журналист 0,001 0,00012
улыбнуться 0,001 0,00015
бригадир 0,001 2E-05
видеть 0,001 0,00105
тысяча 0,001 0,00053
решительно 0,001 6E-05
белье 0,001 4E-05
сильный 0,001 0,00028
давить 0,001 3E-05
бизнес 0,001 0,00018
главный 0,001 0,00058
наверно 0,001 8E-05
открытый 0,001 0,00017
куриный 0,001 2E-05
серебряный 0,001 4E-05
нельзя 0,001 0,00041
блокада 0,001 1E-05
телевизор 0,001 9E-05
труд 0,001 0,00037
дать 0,002 0,00074
подняться 0,001 0,00018
крикнуть 0,002 0,0001
тетрадка 0,001 1E-05
горизонт 0,001 4E-05
располагаться 0,001 4E-05
политика 0,001 0,00024
участок 0,002 0,00019
думать 0,002 0,00097
одеваться 0,001 3E-05
картина 0,001 0,00024
загадка 0,001 3E-05
нужный 0,001 0,00045
сойти 0,001 7E-05
вода 0,001 0,00062
родной 0,001 0,00015
целый 0,001 0,00029
доброволец 0,001 1E-05
нагота 0,001 0
включить 0,001 9E-05
протяжно 0,001 0
установление 0,001 5E-05
полоса 0,001 8E-05
мирный 0,001 6E-05
синтезировать 0,001 1E-05
предположить 0,001 6E-05
территория 0,002 0,00024
насильник 0,001 0
арабский 0,001 3E-05
яйцо 0,001 5E-05
дед 0,001 0,00014
крепкий 0,002 9E-05
руководитель 0,001 0,00021
воздерживаться 0,001 0
ходить 0,001 0,00038
выдержка 0,001 1E-05
пропустить 0,001 5E-05
отверстие 0,001 3E-05
сходить 0,001 7E-05
спать 0,001 0,00029
вот 0,001 0,00229
отношение 0,001 0,00072
стоимость 0,001 0,00013
вместо 0,001 0,0002
возраст 0,001 0,00019
мир 0,003 0,00092
без 0,002 0,00131
организовать 0,001 8E-05
количество 0,001 0,00027
партия 0,001 0,00032
важный 0,001 0,00036
магазин 0,001 0,00019
жить 0,001 0,00093
оптимальный 0,001 4E-05
разводить 0,001 2E-05
подход 0,002 0,00013
коньяк 0,001 5E-05
выстрелить 0,001 2E-05
тогда 0,001 0,00107
со 0,001 0,00148
мастер 0,001 0,00013
понимать 0,001 0,00072
сорняк 0,001 1E-05
устанавливать 0,001 4E-05
судья 0,001 0,00011
вскоре 0,001 0,00014
мало 0,001 0,00017
гореть 0,001 0,0001
путь 0,001 0,00046
такой 0,001 0,00347
способный 0,001 0,00019
зеленоватый 0,001 1E-05
делать 0,001 0,0009
быстрый 0,001 0,00015
село 0,001 7E-05
рецепт 0,001 3E-05
высказывание 0,001 4E-05
вариант 0,001 0,0002
местный 0,001 0,00025
стихи 0,001 0,0002
лицемерие 0,001 1E-05
прошлый 0,002 0,00022
добрый 0,001 0,00022
война 0,002 0,00055
создание 0,001 0,00026
стена 0,001 0,00034
поставить 0,001 0,00034
нотка 0,001 1E-05
чистый 0,001 0,0002
большинство 0,001 0,00023
гимн 0,001 2E-05
январь 0,001 0,00012
относительность 0,001 1E-05
погон 0,001 2E-05
происходить 0,001 0,00034
клиент 0,001 0,00011
государственный 0,001 0,0005
интерес 0,001 0,00033
лужа 0,001 3E-05
тон 0,001 9E-05
разнести 0,001 1E-05
топик 0,001 1E-05
давай 0,001 0,00013
демонстративно 0,001 1E-05
безопасность 0,001 0,00018
мужество 0,001 3E-05
брать 0,002 0,00029
разница 0,001 8E-05
течение 0,001 0,00023
господин 0,001 0,0002
юбка 0,001 3E-05
обязательный 0,001 8E-05
оба 0,001 0,00033
обеспечение 0,001 0,00015
преступник 0,001 5E-05
слеза 0,001 0,00015
зал 0,001 0,00027
последовательно 0,001 2E-05
преимущество 0,001 6E-05
тащиться 0,001 1E-05
письмо 0,001 0,00039
татуировка 0,001 0
найти 0,001 0,00055
может 0,001 0,00028
качество 0,001 0,00043
получение 0,002 0,00011
узнать 0,001 0,00031
вероятность 0,001 4E-05
конкуренция 0,001 4E-05
прямой 0,001 0,00017
существующий 0,001 5E-05
обслуживать 0,001 2E-05
самолет 0,001 0,00021
успеть 0,001 0,00026
центр 0,001 0,00034
число 0,001 0,00051
незнакомец 0,001 1E-05
наконец 0,001 0,00034
класс 0,001 0,00024
вернуться 0,001 0,0004
почему 0,003 0,00065
формация 0,001 1E-05
порт 0,001 4E-05
побрести 0,001 1E-05
маленький 0,003 0,00053
впоследствии 0,001 6E-05
исследование 0,001 0,00026
разве 0,001 0,00021
язвительно 0,001 0
стрела 0,001 3E-05
хранение 0,001 5E-05
данный 0,001 0,00031
избиратель 0,001 4E-05
представлять 0,001 0,00029
команда 0,001 0,00022
прекрасно 0,001 9E-05
обезьяна 0,001 2E-05
разделение 0,001 3E-05
известный 0,001 0,00036
рынок 0,001 0,00036
базовый 0,001 4E-05
идти 0,001 0,00123
кампания 0,001 6E-05
схватить 0,001 8E-05
животное 0,001 0,00012
первоначальный 0,001 3E-05
просыпаться 0,001 3E-05
ответить 0,001 0,00048
долго 0,001 0,00033
поверженный 0,001 0
лимонад 0,001 0
кипение 0,001 1E-05
засучить 0,001 0
деревенский 0,001 4E-05
заключать 0,001 2E-05
пожевать 0,001 0
ветер 0,001 0,00018
волк 0,001 5E-05
доминировать 0,001 1E-05
список 0,001 0,00012
пожелание 0,001 2E-05
немалый 0,001 4E-05
нужда 0,001 6E-05
подвиг 0,001 5E-05
работа 0,002 0,00136
кроме 0,001 0,00044
доска 0,001 9E-05
колокол 0,001 2E-05
доллар 0,001 0,00024
вернее 0,001 5E-05
система 0,002 0,00079
лопасть 0,001 1E-05
встретиться 0,001 0,00011
хватка 0,001 1E-05
должен 0,001 0,00121
грустно 0,001 3E-05
сделать 0,002 0,00096
заложить 0,001 6E-05
условие 0,001 0,00047
деревня 0,001 0,00016
увольнение 0,001 2E-05
скорый 0,001 0,00028
капот 0,001 1E-05
из-под 0,001 0,00011
аркан 0,001 0
ручной 0,001 2E-05
медленный 0,001 3E-05
признаваться 0,001 5E-05
доложить 0,001 4E-05
сказать 0,001 0,00308
потихоньку 0,001 3E-05
некоммерческий 0,001 1E-05
казаться 0,001 0,00058
пронзительный 0,001 1E-05
акционер 0,001 5E-05
сквозь 0,001 0,00014
ветка 0,001 5E-05
факт 0,001 0,00022
личность 0,001 0,00015
двор 0,001 0,00021
бомба 0,001 5E-05
крупный 0,001 0,00028
именно 0,001 0,00071
вызывать 0,001 0,00018
искомый 0,001 1E-05
пребывание 0,001 4E-05
закалка 0,001 0
тина 0,001 1E-05
велеть 0,001 6E-05
отдельно 0,001 5E-05
клонить 0,001 0
функция 0,001 0,00015
десять 0,001 0,00025
войско 0,001 0,00015
